A1=[3.387 -1.93 0.3012 ; 1 0 0 ; 0 1 0];
B1=[1 ; 0 ; 0];
C1=[0.2331 -0.2851 0.07891];
D1=0;

A2=A1.';
B2=C1.';
C2=B1.';
D2=0;

